10002346
55727845
95992081
69610924
81330115
31320433
88942504
04423206
19891310
14306092
78156759
02191144
25341652
84013237
65676461
12014404
38273745
46772449
34086406
76891401
27315304
60800381
47395382
83810690
11398059
69069911
71594310
63746411
94380860
02061963
93568288
71921856
59627393
63504681
48739166
84417082
31437713
42421606
53244294
93108839
76067258
73347079
28150174
90726340
75620895
37926346
66506689
38180759
39987164
68597372
31563350
53714009
44035031
43385557
07391448
97204936
15028680
19974580
40529384
88643579
39765958
76891401
45298492
02956282
46132282
68084557
02403771
45379225
49389523
25132288
81020646
70780151
52352005
16527176
63422098
74860293
87259077
53451824
98012938
68124775