61679541
51254277
02009101
20228463
46609443
85087012
42256406
07392745
77087109
83602069
34475451
05519829
28637168
92039899
20470500
29687169
42969214
86915847
60666820
39168895
69247929
09024367
77542832
53678698
16719802
73853830
91731841
69140098
23297235
96872283
49881766
92039899
78700060
95816395
47013502
69884162
03431737
04058065
03536537
19700943
57784563
11321183
59784896
83269557
12493482
70194827
35215622
50896944
75252099
52319752
61901281
95905259
66413481
66499018
90019393
00423705
07080743
69243722
43114901
01596508
15595052
41113025
78861134
29116732
13974207
44436472
04404099
81661951
76909279
72631243
14089428
74130411
29687169
27004302
91438994
90925163
98147766
40371092
14882493
90642597
72429240
72429240
78663366
12235475
68535320
95600067
69723159
68601507
06353603
04694209
36088082
36088082
96930127
50920465
33731070
20721928
08814959
78358521
60434101
52571838
48148828
14506878
50613779
15341821
97021916
34257001
57568840
69579761
03549275
56286179
54813225
53693416
16825874
30068120
61737116
41077745
20586572
89731911
50785356
11954712
13708425
38742075
30915572
19019586
64034255
45894482
72403299
59797187
80233946
29216198
54747648
82176812
07264861
80769747
68120130
56410040
63977008
19353570
97385276
82458280
02460565
48737767
31305911
41386308
01347977
56223084
04906301
54959865
17732278
16226786
45045866
06901008
53855409
13532663
32391566
61807040
19642774
40583194
66288028
88753985
62154416
07089711
59575539
54652250
23434538
46657337
96182448
45141844
81816475
21620076
33420078
55063681
23571046
21502796
87685879
28859794
17932494
27416701
01315120
71625222
83370323
06142213
21296383
05763020
14430063
84914462
49881766
55969226
50903514
54582424
14089428
20546916
71413901
52840598
16719802
36088082
31615285
74440055
54706054
05244497
77252217
16956455
95905259
10375182
74976215
73853830
76763417
03370104
70074904
07572887
91596726
14536035
90980792
90980792
06351548
78613627
01596508
47013502
78700060
99050989
71218746
07409792
04192696
44178886
23118924
97623219
86188410
21672573
76909279
95943058
96872283
63749102
74131780
07080743
97396380
89529919
66499018
40921545
42009836
17706537
90642597
40371092
09024367
14882493
77491079
02196767
24291651
08102334
30190809
00423705
11662742
26254876
91798373
77542832
05464695
49881766
54749427
48094997
27126980
05284653
32202803
55063681
23571046
21502796
87685879
28859794
17932494
27416701
01315120
71625222
83370323
06142213
21296383
05763020
14430063
84914462
49881766
55969226
50903514
54582424
14089428
20546916
71413901
52840598
16719802
36088082
31615285
74440055
54706054
05244497
77252217
16956455
95905259
10375182
74976215
73853830
76763417
03370104
70074904
07572887
91596726
14536035
90980792
90980792
06351548
78613627
01596508
47013502
78700060
99050989
71218746
07409792
04192696
44178886
23118924
97623219
86188410
21672573
76909279
95943058
96872283
63749102
74131780
07080743
97396380
89529919
66499018
40921545
42009836
17706537
90642597
40371092
09024367
14882493
77491079
02196767
24291651
08102334
30190809
00423705
11662742
26254876
91798373
77542832
05464695
49881766
54749427
48094997
27126980
05284653
32202803