46083380
10012614
44947065
48712195
79323590
76895648
30606547
47233801
01149109
36995273
56460688
81674782
32663969
97342942
18658572
16762927
90502999
17052477
83584898
98867329
61127349
65169794
71453557
19578592
88610708
40619825
32919136
06178850
69954399
38552107
33900648
71645242
69296555
95376428
87902575
74117290
11961740
84257639
53129443
31036355
37812118
22346472
07165085
47453433
52112003
51773900
66788016
05556668
43422537
16435215
82828051
98792570
26412047
58441120
75500286
45141013
03493058
69042950
14087893
35480699
96864811
27243130
54773234
25789292
07405310
73178098
98045062
74519184
73048641
74137509
35059553
03136426
20765952
44656491
06430659
19844995
43711255
33904024
51481927
48576971
23842445
22046459
56948373
47529357
33114323
79068663
82432018
99597615
83746708
91580102
07625614
70828912
90246973
27863269
45986603
80921533
32391631
57902193
33782437
35537860
15866454
67196946
70368879
79759861
35262428
74728028
10275411
85839825
61068510
63485233
45939841
78610936