22539270
85541675
04638410
18634367
05851097
67234805
07811875	
68456353	
03846170	
18964575
20630765
17841097
22339232
22371016
23051413
23274061
29417188
30230789
31053337
31766317
32391566
39118197
43014054
44236692
45358284
45688586
04068622
06903857
07025445	 
61380658
59482302
58324930
66816282
66661678
67750322
68450517
70630741
59546528
78564023
79418153
71353388
79796561
85718645
85876417
92901944
93023479
93724592
94145021
96653775
96930127
97885363
19578592
46967601
84428023
82361206
83584898
22751868
58924378
46089249
45141013
11813722
18756904
57201737
84206435
96363153
43906884
44028461
33184236
32061744
29795530
30127518
31849106
06799227
05577649
70391588
71417170
71249758
79178930
10691144
59156966
24996659
31175914
05780210
67441435
66625883
65503206
67038874
60668166
92300891
94845226