42338879
15721123
70095154
25460258
64262809
47664723
22812068
07845138
31456110
49681811
78004197
95166228
97904474
80208323
25206027
67211766
08034697
16475472
75675029
07200041
82482194
28601770
41978142
75214390
09718968
18842395
01287123
98154550
42280216
50400231
33911264
84636823
82693042
16469012
14778250
88559132
56421754
54343893
57543573
51945556
78060096
02158562
59023523
41090784
65287621
89111398
45462639
53982768
85718645
81059524
18828179
94944637
00876330
77841719
50866755
66362965
37955049
81275309
31038159
42155488
53257892
76436988
23116808
60229110
09391354
56931015
47942531
44790889
03300267
77901552
23309606
77585513
34492631
52824910
46237548
57666212
99365553
82579942
72903645
69303178
33746252
31571902
77121851
30707994
04929256
11508758
43791861
07025445
12298909
73125233
10097168
00123709
57281778
49645921
46565218
68087897
51555725
61370518
99733359
23770284
81896370
26205777
10097168
75372290
12275533
72144675
09485511
73891874
06631034
14214060
87151205
70781052