84677654
21597117
31245780
60530944
20374520
95472621
50323155
98239899
32015116
47778083
76532077
29401950
78474168
61622107
50243722
75987257
63630268
35011819
65743242
97077563
88513608
36468556
48276469
01248895
57139487
22205600
24673894
11593137
56532632
18271561
08323633
86871614
12197543
48216773
94192409
67630339
42309337
74458486
39712330
66742250
84970821
02926176
12863633
90440725
28378427
95448692
87106146
46031686
35268887
98535702
77538567
69402394
93599951
65703851
28654932
24268052
08279188
39131963
42079445
98956134
31863912
73632127
67095270
70342110
46480475
49010598
27340877
79997591
43250041
04440873
00473469
60082869
25700114
60866277
88341502
94253609
17484499
39276790
21598948
73507661
17653779
03027001
81172176
58607704
77910045
43061293
50078509
09267769
43340443
97806240
85709845
67113830
51099515
80723580
53334471
57270476
83266092
48135190
61705417
85742772
22888900
88928798
73079365
06799227
15552258
00981540
88789641
68875140
32065885
37241623
21840375
91677585
80036543
98069388
20721759
86778566
30459350
59695933
36261276
23122036
69091732
79161790
83968380
55256016
04869446
71587526
37390589
95254840
84397023
54976796
72022087
62867251
42671151
84136000
99188141
49587034
00027551
36378044
30241314
62279055
96474800
59344077
77414722
96008713
81210420
01224927
06137095
29549364
57882509
71098407
60080151
26905245
68540058
37580756
18190572
15800838
68937720
75392615
34815282
40172183
97168905
21636650
44095762
67232306
22359980
29795530
59305593
38411870
38299233
14315573
54704216
49204190
60306104
76848240
42793609
97738431
99311109
39122311
56995655
39537362
71272951
50470982
77462146
63571750
63356631
63442604
90669991
44509898
46502013
10282757
73578229
53656677
66518841
34717238
31077447
30585393
87772572
21481146
11741041
04178474
34002992
12503902
00983995
37576645
79544790
61656650
08951260
94156050
83555666
70344351
05728014
90846359
86742443
51452091
83258273
88279736
56120475
38296564
60627999
98427577
79205581
17874674
26533075
30888983
03819470
29267084
99735427
92099232
59560625
92219931
03280747
82732705
63227401
73729209
00126218
98139712
94484482
72885174
93396832
92512625
84749824
73599290
37383714
88197162
97151365
20644748
38275183
18807108
06691855
58120309
92854392
23516703
29590905
10651797
50277973
75105429
14507213
69724380
22869904
36361633
91781589
03129635
49514333
80987696
35316708
02055403
53582587
62784717
94256039
35686187
04206964
59616123
29616929
73988674
96148285
50951359
05609226
70284332
04638410
95352218
86474024
59070329
94933468
05851097
01005587
12607053
58169731
17078030
77754944
47766694
59744639
34507039
44487250
58628539
26708437
02371506
31554054
66604523
11228035
32086564
11109820
96457619
99064191
57319935
42167046
83133491
79852326